true_label,predicted_label,prob_Liuyanghe,prob_Dukang,prob_Jinliufu,prob_Laojiaoerqu,prob_Jiannanchun,prob_Beijingerguotou,prob_Daming,prob_Fenggu,prob_Quanxing,prob_Qingjiu
Jinliufu,Jinliufu,0.04148425610838295,0.03914982513097778,0.43426556514703835,0.039556796465595075,0.043108089691736774,0.12037595651991412,0.07129047615637339,0.12312021354235782,0.010361511383750781,0.07728730985387301
Qingjiu,Quanxing,0.006698263780873633,0.012485056083621332,0.18062799373641106,0.027747763432825166,0.10609676300147622,0.08192001958618583,0.06921594857800706,0.1793119771573003,0.004348801300659138,0.33154741334264026
Daming,Daming,0.14137591875062458,0.08220339331359658,0.1374765429118021,0.007668723664624354,0.06145695693069458,0.038177557821804986,0.25399399812471074,0.14400309240899262,0.03764519700055843,0.09599861907259102
Jiannanchun,Jiannanchun,0.036691367877831955,0.10470968306881723,0.0859289296011144,0.18003347456442786,0.3905384873365877,0.06473508388379952,0.02113266250743377,0.028013727151396627,0.04173288822674221,0.04648369578184869
Dukang,Dukang,0.11813478064245532,0.3788532081032912,0.07268928200390631,0.015939265874268523,0.11945743682948617,0.10038548927877268,0.009397879355557541,0.09830515562390986,0.07548736881305948,0.011350133475293003
Dukang,Dukang,0.05867674906815588,0.3394569953243382,0.021224301721692544,0.12107880250978412,0.10882330738209295,0.08565568592161056,0.05918822312287523,0.052718807632209645,0.08334486867537057,0.06983225864187016
Liuyanghe,Liuyanghe,0.3262010968850855,0.09669447648772807,0.1521451172852037,0.08664532691308267,0.009802708490888988,0.14834803106983235,0.037991541202653224,0.0487942965725521,0.03107534108857959,0.06230206400439391
Quanxing,Quanxing,0.10015177740235635,0.06873777798385036,0.027114876691234406,0.11617584097724856,0.11640767871891428,0.11521612574415667,0.0316033266231123,0.05971897249477556,0.26270214290078603,0.10217148046356539
Jiannanchun,Jiannanchun,0.004553085993036752,0.01092787234699032,0.07775193073927689,0.1523794897396986,0.34167337868285547,0.083430191576555,0.017676717341669593,0.11007214378197848,0.13777923028772854,0.06375595951021025
Daming,Daming,0.11154686768878025,0.13870900705454675,0.029305264261512528,0.07526416861585336,0.04129557816925404,0.11402665762638929,0.22688616508463472,0.09126431072921418,0.11475433889192523,0.05694764187788958
Liuyanghe,Liuyanghe,0.31864055297513233,0.0657864510252432,0.019494792599778918,0.08588790601988432,0.0979043578829781,0.03909474295967909,0.10579310929582904,0.11183624849341454,0.03417556649729879,0.12138627225076164
Qingjiu,Qingjiu,0.026808116694803808,0.03848767537252629,0.03509819740329409,0.17032137168988887,0.12465468422168395,0.02897864468495593,0.08388965528811039,0.11722551440446188,0.015901432961804535,0.3586347072784703
Fenggu,Fenggu,0.10778274243094417,0.06776049276694694,0.12971515713070653,0.056031888911697025,0.13199308410467053,0.08958428630602436,0.08512482506173066,0.15638285625101878,0.11828792212047842,0.05733674491578261
Dukang,Liuyanghe,0.023529934240928193,0.31607656917097415,0.08118558790941299,0.07649274431109276,0.10433328048980513,0.12912083885517447,0.011516935774943629,0.10609445220090012,0.027181767523842874,0.12446788952292565
Dukang,Dukang,0.10259522406169923,0.3391342721249679,0.08896443051090987,0.039375237390142745,0.05901810463242899,0.10291756401226207,0.05752718197100022,0.04481751729713996,0.06190464585666962,0.1037458221427794
Dukang,Dukang,0.05369143885500942,0.37487453475926397,0.11404576213590448,0.13229980321480633,0.01611945496848513,0.038421470960946134,0.022740147401481465,0.05573098608942542,0.072134282684571,0.11994211893010667
Jinliufu,Jinliufu,0.08668892163732966,0.08266578756995403,0.29098886059213724,0.11202403676970235,0.06274365024433402,0.13035071190771924,0.0844249436072737,0.016809943768787704,0.09002122568316023,0.04328191821960169
Jiannanchun,Jiannanchun,0.10591843316120023,0.010747470495887508,0.026988829677877905,0.13206288501840632,0.2665494728335196,0.12917757726242246,0.04309968459840739,0.0992136767271972,0.10712578705770988,0.0791161831673715
Laojiaoerqu,Laojiaoerqu,0.04670315702223903,0.032528058982425105,0.005076951957154902,0.1994637533957587,0.0999138474203019,0.1435318205863193,0.13326752989390425,0.11718438390306622,0.12060822921139672,0.10172226762743398
Jinliufu,Jinliufu,0.036962044319467646,0.12882626208988202,0.35558992960186797,0.07958539141945173,0.015761063460619017,0.06348413814649348,0.06537319241592625,0.12277238563254196,0.07762679964206622,0.05401879327168372
Beijingerguotou,Beijingerguotou,0.14909699484277558,0.016900186507239283,0.06449701028756508,0.006414568663028412,0.11293759600422942,0.2927716560531079,0.04274437985031691,0.13101568542077055,0.044603650028018124,0.1390182723429488
Dukang,Dukang,0.0962419646918857,0.3793163355670007,0.002298506436537692,0.1229011173488362,0.09275832588863966,0.03890096306198944,0.10587082937505068,0.03593570591380555,0.1114055548583148,0.014370696857939451
Jinliufu,Jinliufu,0.13045480631340484,0.10023890954768189,0.35777397672223543,0.044844168456764415,0.0022995571915481296,0.08690386919641005,0.055850908644250824,0.11092818703295697,0.05510426792014488,0.055601348974602754
Jinliufu,Jinliufu,0.10561272370056239,0.006841418951385682,0.38883634421762076,0.12111239613019227,0.09489951148086699,0.08430075232643647,0.12680215232617856,0.02633665792064173,0.011222046059569552,0.03403599688654571
Laojiaoerqu,Laojiaoerqu,0.1242778988666903,0.005422685237461476,0.09115528431988641,0.31210113399738965,0.13383717559524347,0.08155794884481446,0.009953907248821016,0.13003294491046274,0.09368465317770909,0.01797636780152148
Fenggu,Daming,0.014109339663366551,0.13674200981301882,0.10059926440848775,0.1246646880093265,0.13213478191230119,0.08595316112494483,0.07778646429227332,0.21503270879818057,0.04764581748455931,0.06533176449354113
Dukang,Dukang,0.09482775309303784,0.3392506525463485,0.10936581358993062,0.054329804664871216,0.07439004275384653,0.07735760505797744,0.07250392486425576,0.08609760116528481,0.029094035679005596,0.06278276658544171
Jiannanchun,Jiannanchun,0.015709031558511444,0.05795454074098482,0.07350244053812337,0.09830492551055198,0.369350371532732,0.09053168061552763,0.11207639622417317,0.07630572849571654,0.0955737979047757,0.01069108687890322
Jiannanchun,Jiannanchun,0.050552317931740136,0.07190691040857229,0.09389317926277334,0.009071251053926352,0.3259031581189516,0.05500812900022962,0.1930615365059671,0.06584478618896406,0.09579048467403477,0.038968246854840814
Liuyanghe,Liuyanghe,0.569711834025422,0.07021395795638719,0.051779969005423934,0.12922257837345516,0.001377296287757891,0.0019171864809225123,0.05480088335014193,0.009185986408179685,0.027023047120206978,0.08476726099210258
Jiannanchun,Laojiaoerqu,0.13002012396584664,0.09267276680579549,0.08305296615439207,0.04754564421843222,0.3939478713607192,0.0643170519875094,0.014109163200174805,0.0999657319612455,0.018441996173728936,0.05592668417215575
Dukang,Dukang,0.06884297789430424,0.4125718206557369,0.06696179913705236,0.0952787686237041,0.13470015678585995,0.01783975086859848,0.03727412560690101,0.05353400260670041,0.057231424321085175,0.05576517350005745
Liuyanghe,Liuyanghe,0.34347794803836446,0.09527117858575353,0.08111092211769944,0.04127864976687795,0.1099158160632479,0.12743078520986445,0.10956995991348999,0.00020882716967883153,0.084913076539004,0.006822836596019438
Qingjiu,Qingjiu,0.057615993193929016,0.013313193340097276,0.13504386508495422,0.15356153345222043,0.02560611060143764,0.08584875239302395,0.10204108239183321,0.08254177178120206,0.027068245972363944,0.31735945178893826
Qingjiu,Qingjiu,0.13628500492882098,0.012882804468437953,0.014546928848927271,0.06436557537528383,0.17085575600089353,0.12129804208168998,0.1231299805152888,0.06566255214603532,0.10770690662746592,0.1832664490071564
Fenggu,Fenggu,0.09748317129534788,0.1399633097154306,0.09387828250577783,0.13389630406938266,0.11095052355313445,0.01847585254414578,0.13830302960813876,0.16343495379826617,0.08183173419537978,0.02178283871499605
Jinliufu,Jinliufu,0.0021586801488839807,0.07782243729019217,0.3924687424303598,0.0896177076717129,0.10643472872491531,0.008065414430726016,0.022681609351713854,0.10301275742935526,0.06327950677332093,0.13445841574881975
Liuyanghe,Liuyanghe,0.3061156170915025,0.11162455991066635,0.09141297088975435,0.05675333454513733,0.08883540145622773,0.03635187296722891,0.040435114803472866,0.10415050478311742,0.05892990177778198,0.10539072177511075
Beijingerguotou,Beijingerguotou,0.11273923546020082,0.11755628908314654,0.125654115200787,0.059080280171114705,0.04371087468207885,0.2168908370543136,0.0508810272945546,0.08239639896672868,0.09672306256842689,0.09436787951864838
Laojiaoerqu,Laojiaoerqu,0.07781876943656707,0.03466761574697664,0.08944868531655036,0.23739042826575552,0.1849305087679638,0.07186103565934779,0.032091242313015585,0.005287139491936045,0.13417892403723913,0.13232565096464827
Dukang,Dukang,0.05155004254095719,0.3387759783378625,0.061996854500647056,0.04710240415153301,0.10248141745902276,0.09168398141794945,0.05518083465448045,0.03297778343096617,0.14953808873961705,0.06871261476696436
Jiannanchun,Jiannanchun,0.13355286637325356,0.0272729251242097,0.09422391962314687,0.0053432304710860695,0.3891389005375615,0.18705812488873888,0.07455154520048493,0.007566793853038812,0.006006667681586015,0.07528502624689373
Liuyanghe,Liuyanghe,0.27980108794784514,0.0035769266948476766,0.11583202744332602,0.07023365986598443,0.04430468818190635,0.1378690597909684,0.01778943274363341,0.14642161154802985,0.048091439710500346,0.13608006607295847
Quanxing,Quanxing,0.09313099101800729,0.1276938142866136,0.15199138200229878,0.044547311672164684,0.14845767940942198,0.060159654041570476,0.05954644650091024,0.05257643731371245,0.23808692935087022,0.023809354404430105
Dukang,Dukang,0.0857873739449479,0.4196121680718906,0.11804262226023182,0.12915867363251637,0.06823825732211361,0.046840956353538854,0.040179155393050336,0.030153371023550434,0.00893142877094615,0.053055993227213834
Beijingerguotou,Jiannanchun,0.04641620785578992,0.16598635830760788,0.09578889868818226,0.059646330742327176,0.09969781650618617,0.19566195167617834,0.0762664309823572,0.10755844832688824,0.08397031331442982,0.06900724360005304
Jinliufu,Jinliufu,0.1385073415737581,0.12268476642435705,0.3423826330102384,0.07935108164430353,0.08649813597380816,0.028055793210033597,0.055068236751469296,0.005499264335993526,0.06627431123690487,0.07567843583913343
Jiannanchun,Jiannanchun,0.030098053177595407,0.12740032986723063,0.1201881227655688,0.09543416328150182,0.26872030646593953,0.11496995991283171,0.017266238193988613,0.10446908186410929,0.016495577824698078,0.10495816664653605
Jiannanchun,Jiannanchun,0.03676716787754255,0.11693955471483695,0.1258659760726754,0.019838469118431776,0.26167697644134286,0.13079176731102166,0.06445109722067409,0.11513390400421752,0.07849360548907434,0.05004148175018287
Dukang,Liuyanghe,0.03741213663882594,0.3102440211188921,0.09972756471095452,0.05060230365982362,0.06693144893076908,0.06445069274432914,0.07557202471170052,0.11331334437337577,0.1283893128899583,0.05335715022137098
Qingjiu,Qingjiu,0.11086011553122037,0.10242139167829617,0.07683387548048944,0.12807863840060565,0.02685694231133145,0.014637783686590007,0.11440260734459066,0.05883152409810105,0.11346576195471976,0.25361135951405556
Fenggu,Fenggu,0.009814145943902305,0.13882142455121319,0.07044569577340276,0.08020576284365853,0.09845832980262705,0.1455652319522856,0.0030037683128707015,0.2320607710692233,0.10806379340223517,0.11356107634858142
Quanxing,Quanxing,0.12058485462234567,0.023408059749395253,0.05213123870349218,0.0624601210187095,0.14006989322584684,0.04853811483607227,0.03668828531212529,0.16671238042658412,0.1756648887897045,0.17374216331572437
Quanxing,Quanxing,0.09965100391197618,0.12197872250729926,0.043377947277076515,0.002107693409190105,0.10863936818305632,0.12281431840161695,0.10902314990174726,0.02103239741815823,0.2581639393369811,0.1132114596528981
Jiannanchun,Jiannanchun,0.11126394842891671,0.12943939151626538,0.14292295948329303,0.10367170264812327,0.2684032777986506,0.08238733103932738,0.013119271119789083,0.06885657861341926,0.06878282251937516,0.011152716832840175
Quanxing,Quanxing,0.061816899359898834,0.019670740779048238,0.1432329515344368,0.16794634954246337,0.012815702740348852,0.1692625717138144,0.09260941344658412,0.05308810566574838,0.19083817622291388,0.08871908899474308
Liuyanghe,Liuyanghe,0.3946947457780609,0.11339400883148755,0.008054642495118851,0.011691117889137204,0.06460796244528491,0.04735513118474938,0.03726699750047363,0.04506411543057114,0.12885288040233578,0.1490183980427807
Dukang,Dukang,0.052403684884451476,0.3974914875930883,0.041588366721548226,0.06163141849444996,0.02923888815430234,0.08285134891379911,0.12664003118339803,0.07806727148996337,0.04628647689685776,0.08380102566814135
Liuyanghe,Liuyanghe,0.2731524629470269,0.1356398820962949,0.07678788107126058,0.06858619619579524,0.08942307865292204,0.09536346543503828,0.010955451995182646,0.10419082127196704,0.03692707959902525,0.10897368073548716
Jinliufu,Jinliufu,0.12393308092747728,0.12113415196427667,0.3594787691561198,0.07837511288267035,0.021527427411171203,0.11682306676966754,0.04089383323481371,0.0748381642365533,0.04283218704534843,0.020164206371901822
Jinliufu,Jinliufu,0.12136270728667588,0.010473834044213886,0.497739779292936,0.06122265435191167,2.5965384519357123e-05,0.09853269433000993,0.009031855997521751,0.05323846467573616,0.13628708048407082,0.012084964152404499
Dukang,Dukang,0.13532473632847702,0.3499428753475473,0.03979488052021193,0.11945436430782942,0.05099155467128663,0.01642789014740405,0.058079738415672925,0.043594926859921015,0.13586862392148802,0.05052040948016174
Fenggu,Fenggu,0.11232380836412159,0.1269797852958214,0.061764506399182205,0.12955263342432927,0.05372044161178595,0.1372601118294013,0.012712544863512105,0.24018840087886723,0.0703064909002057,0.05519127643277333
Jinliufu,Jinliufu,0.07810246643003954,0.08688468909362511,0.2268467561048537,0.020608824406868044,0.08801898163013158,0.08225915482478205,0.11924968595241946,0.09394312081292606,0.11736415259826324,0.08672216814609114
Jinliufu,Jinliufu,0.04643577813670375,0.01641558764273599,0.40743485824813896,0.10035681490812376,0.007507258513538998,0.05609494936781384,0.1490669844584662,0.07796122930147693,0.06741810183264424,0.07130843759035731
Jiannanchun,Jiannanchun,0.03355165430841468,0.05922335414193173,0.05940101835920278,0.008409491723196418,0.36422660397278295,0.06690075870906459,0.13206211989611077,0.13658660528919978,0.03405140981650879,0.10558698378358741
Dukang,Dukang,0.0659779337698343,0.4256422987808487,0.030139048586447434,0.09469074193453929,0.08490318474481964,0.04125372004093765,0.0190831941746508,0.09103430320538776,0.10318232408209832,0.044093250680436194
Fenggu,Fenggu,0.12440670831256792,0.07623208761758499,0.13759806830733076,0.038434341626892805,0.17174801255024333,0.055449556382060575,0.07095646810477667,0.2041362921620828,0.021513904825851703,0.09952456011060838
Liuyanghe,Liuyanghe,0.39033635528063687,0.16860112752662837,0.0029651472507460867,0.07650173166928495,0.0680768231238863,0.0039003440951953638,0.025097724223862073,0.08347369481121926,0.09946079164466569,0.08158626037387501
Qingjiu,Qingjiu,0.08021492435883387,0.08991345731740019,0.0014993069685705698,0.07011624833671963,0.14556702579244052,0.07841623750437612,0.10236418311218265,0.04711689674741885,0.11693587096435992,0.26785584889769776
Fenggu,Fenggu,0.10608876252247161,0.19862820595412572,0.025550676968564754,0.0034490129051852453,0.15673460790563745,0.1642639197199774,0.024463327970823324,0.25755828616475873,0.003572074864733803,0.059691125023722064
Dukang,Dukang,0.11092316103956162,0.38516518721716586,0.049941498243347524,0.053333675311920195,0.0001942055504808427,0.04301257417388615,0.09274785071553318,0.13976830232668924,0.1215283606947967,0.0033851847266186262
Liuyanghe,Liuyanghe,0.40638361238636467,0.12407438668976807,0.12362727921218315,0.07255574314246718,0.06305204630666486,0.04798794613917588,0.010407387444905148,0.03615707369366127,0.039066977468070314,0.07668754751673951
Fenggu,Quanxing,0.09914389140433515,0.06284795197930973,0.007672709520224285,0.12704491087133418,0.125046567599675,0.10415055101178898,0.13149353309938228,0.20486605736510272,0.1277052847310142,0.010028542417833703
Daming,Daming,0.06644182807750253,0.04095031945759369,0.03558160545721768,0.025582985616858067,0.11308853518441754,0.14196113046578296,0.28676661653058216,0.026702174316501275,0.14737594562395595,0.11554885926958822
Daming,Daming,0.06463570802660429,0.11225331930766125,0.04327827545770941,0.05747994335695078,0.1527758535572958,0.04837357889325677,0.24477621542410188,0.14822252906694097,0.11784675935570682,0.010357817553772158
Fenggu,Fenggu,0.027910325660583334,0.001485789741906027,0.11954425462046046,0.08482316950035661,0.025441801525916016,0.1815050965915177,0.10035756869097785,0.2353084177183824,0.09485213809510926,0.12877143785479037
Liuyanghe,Liuyanghe,0.339879577813231,0.05356928191302422,0.15736425745565327,0.08963805990033652,0.10658659765478118,0.08440233141569212,0.008560814501242877,0.03232243673303059,0.08688392494874564,0.040792717664262575
Jinliufu,Jinliufu,0.005744147290076502,0.09696162693627637,0.32347669691623965,0.09115682342156876,0.09812648376407174,0.027810710104746547,0.11040596398425487,0.022632897875727503,0.1093489232074053,0.11433572649963278
Dukang,Dukang,0.09382202557557764,0.4149564202901492,0.07507891461879057,0.034213791693176135,0.05760647098889132,0.0782454753594657,0.009633891349616671,0.08203967221269826,0.12934261955875653,0.025060718352878035
Quanxing,Quanxing,0.09645430973956187,0.1104861103326956,0.11484310698487908,0.11684303255990397,0.06345866694896524,0.11893280406491616,0.09216033733584023,0.019674492646212516,0.17973032812862078,0.08741681125840456
Beijingerguotou,Beijingerguotou,0.05015992360464932,0.12991496578460898,0.13518471096421752,0.03299505255707297,0.1145977193765382,0.3592809777748798,0.10117464408074008,0.0024544781988220395,0.001832976225565656,0.07240455143290536
Jinliufu,Jinliufu,0.14709692462085602,0.03631814557919478,0.3919163976908351,0.035269797901855575,0.05108720497622926,0.1346849300607572,0.1157568162946268,0.015151187836460507,0.0680858915158284,0.004632703523356334
Liuyanghe,Liuyanghe,0.3202610672077994,0.0987875255412334,0.017672071102364097,0.043080862058521685,0.059328620072073915,0.13712791459922494,0.14812223326680982,0.006697536687807448,0.11348766571681879,0.05543450374734649
Jinliufu,Jinliufu,0.050673385471958814,0.09738912598465091,0.3553015027205897,0.1227819240783008,0.07451686903988648,0.046110741985760734,0.10168670142728439,0.03240877702219274,0.07283206644869972,0.04629890582067557
Jinliufu,Jinliufu,0.13348926736211067,0.04887169681993863,0.4116557017759228,0.1866726505210889,0.020696094954750957,0.10285829154903774,0.04489808261150172,0.007914234477866215,0.007322415672199138,0.03562156425558307
Daming,Daming,0.13114891555216812,0.04274117215307822,0.14381166689602135,0.08800385545023863,0.06606303181134678,0.08777183159913123,0.2294879461532998,0.11480859066035473,0.042743793102163426,0.0534191966221976
Beijingerguotou,Beijingerguotou,0.12979060420736876,0.13739172965283739,0.12956762089580523,0.06088888880629445,0.11328123873609375,0.21431129389279654,0.07222504141266015,0.029712251770877447,0.08581103694300155,0.027020293682264683
Quanxing,Quanxing,0.0549161102035232,0.14161620013108,0.03429737240152487,0.011785742696589177,0.011429529655801086,0.1558194420306708,0.08395977832938357,0.06780974729158289,0.2999306259068222,0.13843545135302218
Laojiaoerqu,Laojiaoerqu,0.057637761827658576,0.12034819850819092,0.1337958848048648,0.28709493240403655,0.02630294000902027,0.15197261672943047,0.09353715282968782,0.049011191787134055,0.0737804408649883,0.006518880234988284
Dukang,Dukang,0.021816003084295627,0.5002797938285484,1.9850645869465868e-06,0.07107240747482294,0.0891481104803033,0.009321455325817206,0.1660217976966435,0.03858038894239058,0.05190088547128207,0.05185717263130945
Daming,Daming,0.03758037276508775,0.00024037664153295552,0.11895428474761864,0.1576900470426909,0.03658169783893108,0.10814131408659536,0.2840988697766428,0.13837602592014112,0.06892974934725964,0.04940726183349977
Daming,Daming,0.04487952048366234,0.09831719067038092,0.11268742432242829,0.025056470059200336,0.05117707839019847,0.12443667089153569,0.2492614562721964,0.13587652638282657,0.1040602722872946,0.054247390240276354
Jiannanchun,Jiannanchun,0.08935119875154786,0.09999768489160941,0.011868730435967832,0.08237104569387366,0.33422421167246574,0.025312227271412205,0.11809331492314516,0.0883126591885979,0.14405131729199727,0.006417609879383082
Fenggu,Fenggu,0.04375188609143451,0.09919534142950533,0.04890228915124216,0.1178074837835337,0.12515884401609098,0.016904730245252707,0.08473383810839097,0.24881381201601466,0.06089385065144574,0.1538379245070892
Jiannanchun,Jiannanchun,0.09748944863094475,0.08213902007794426,0.08415562296958866,0.05439529729663351,0.2852200827135715,0.0818310671450494,0.08588207734064715,0.1015167728427729,0.032288681655592,0.09508192932725573
Jiannanchun,Jiannanchun,0.02553865806370607,0.04517282726995204,0.043899888160622874,0.12799708137239763,0.3082493982314981,0.09171728149047045,0.09510344542389404,0.07352253929659212,0.12388521821970473,0.06491366247116181
Laojiaoerqu,Laojiaoerqu,0.06343946128541456,0.027181058009001974,0.13107527388421186,0.2891644352591462,0.06407921616747597,0.0042002160952256985,0.13987663940406803,0.001903592659432004,0.11731999265315643,0.16176011458286738
Liuyanghe,Liuyanghe,0.2801167452113757,0.031278387010429544,0.09382861113558368,0.10877167253680023,0.07273784410115962,0.12872649818697565,0.006877860379048884,0.0671956559730763,0.09563669817830044,0.11483002728725003
Dukang,Dukang,0.026672092703895686,0.44142161229249377,0.08223929061282284,0.05900466074974704,0.019598356867984792,0.12875049462762908,0.023401251117126983,0.04609445925529432,0.04315692677355258,0.129660854999453
Liuyanghe,Dukang,0.33135223918690604,0.11284328821256598,0.03547669293029634,0.08850821466034837,0.08098305921001568,0.11796349026275035,0.1283396897078581,0.0017219054849193826,0.0954693108882666,0.00734210945607304
Beijingerguotou,Beijingerguotou,0.10087629227653044,0.05286483586665569,0.05638334217176667,0.06487124540655384,0.11418910307391551,0.2451888305878005,0.13466483865689607,0.07434923665687057,0.012562828741223948,0.14404944656178686
Jinliufu,Dukang,0.04147309627744332,0.06280895749543132,0.36555886920360375,0.04825051460218877,0.008212472440268993,0.05426845781318197,0.13707109689631602,0.09313713776018376,0.09745409664150018,0.09176530086988192
Jiannanchun,Jiannanchun,0.0360336220386594,0.07575215997907445,0.1359806523489188,0.018356668230692687,0.3219347020891954,0.05003603845148639,0.07823025990821006,0.1775257899852421,0.012223403731278159,0.09392670323724257
Quanxing,Fenggu,0.032373219218670715,0.17519571992903493,0.020449952329724474,0.07284524232835067,0.13317957640395472,0.1271638022276031,0.0762975557877414,0.062543543845143,0.2522526252439138,0.0476987626858632
Dukang,Dukang,0.030446976822219092,0.39290115246663193,0.0398184582486722,0.04262510780552737,0.09738445652411779,0.14361569982606978,0.08950793754870598,0.011414593607217435,0.011207615074561467,0.1410780020762771
Jinliufu,Laojiaoerqu,0.04742738050539797,0.014687626133338138,0.3880420010604817,0.09949190783583246,0.1034572407424993,0.042659167847090194,0.0024106369699375763,0.15395078694957282,0.04002545767344137,0.10784779428240845
Daming,Daming,0.10843520642773306,0.09360810094939244,0.0480169029511093,0.04160081464393425,0.09171461096217237,0.13290587168776527,0.2987341503011648,0.016251673261969173,0.023759075696637353,0.14497359311812194
Dukang,Dukang,0.10205220281238815,0.4225521862555835,0.028076194972969825,0.08141420828399748,0.09714788558187362,0.09423434670690481,0.056552324358902395,0.002133071913896324,0.0807685578164547,0.03506902129702911
Liuyanghe,Liuyanghe,0.31618756956721794,0.1430262283257532,0.05960071842711998,0.12543445875710799,0.028160804466458488,0.10044005386025628,0.1459277257383824,0.015218958689355438,0.001242683321723209,0.06476079884662493
Jinliufu,Jinliufu,0.01392597317598822,0.11251741999705288,0.413136101674248,0.06525379652170435,0.03889654628817998,0.06531128118048728,0.10876828464170281,0.0013612669769223755,0.08862270053145997,0.09220662901225427
Dukang,Dukang,0.10379356326724075,0.3920511143700776,0.11622305551475508,0.014875369061353267,0.0324343099877243,0.14282173655523453,0.12023854674308565,0.00223730018055776,0.040427053846862786,0.03489795047310828
Quanxing,Quanxing,0.04571881542360899,0.041794220710351826,0.010555987354176124,0.07748052610440158,0.1237035586697025,0.10243134248405476,0.11359740314565848,0.013699991215749163,0.329459965822066,0.14155818907023066
Fenggu,Fenggu,0.1151311447287452,0.11768998507487033,0.13338134372613614,0.07783050013433651,0.02864113187793475,0.088202529816375,0.10623503326136527,0.2485291579641866,0.0745693019662656,0.009789871449784653
Beijingerguotou,Beijingerguotou,0.05413357145672187,0.13431055571671793,0.08525250279063926,0.07852550450260265,0.03921717467939874,0.1996131627869002,0.1306025106553784,0.09721575636563601,0.11485471796564249,0.06627454308036254
Quanxing,Quanxing,0.10131005281834975,0.03992680291822716,0.11340037967794411,0.06873543010640035,0.07113765534593443,0.10437630975315013,0.15050385989114656,0.010288798039005183,0.2933211413690524,0.04699957008078991
Fenggu,Fenggu,0.0883703611090475,0.0043622525602130405,0.059928778382246924,0.1000580262140229,0.011182885071804498,0.09776166938427762,0.184558482915234,0.22004892297477677,0.15217603666776208,0.08155258472061448
Dukang,Dukang,0.09773839097664248,0.3620438593377446,0.023792952568822127,0.023937709012275557,0.01051594285795781,0.027694655363786003,0.09908781824595803,0.13153003521113443,0.12145074321274561,0.10220789321293339
Quanxing,Quanxing,0.020686065914889137,0.05417051194334047,0.05803293764906365,0.04682186562239749,0.09647071682234437,0.10031979152909434,0.06685178152800092,0.06627168673547257,0.3425245256118876,0.14785011664350925
Jiannanchun,Jiannanchun,0.04290471295714841,0.1273760943215335,0.1328161417343531,0.045545759668469396,0.2584946316331736,0.07048207279298568,0.13118604660519656,0.12215316085482213,0.014297298859501558,0.05474408057281601
Fenggu,Fenggu,0.07600302413580662,0.06910296409203065,0.026626213479078665,0.11795458996852427,0.09297474755034746,0.11508291652525876,0.11794738045520632,0.2401287501147701,0.0603235848663879,0.08385582881258927
Quanxing,Qingjiu,0.034319054524719915,0.14416372191510213,0.038361155353271476,0.1485089235289449,0.0491352342649714,0.025156606882501733,0.03537176481236334,0.0004263275905829563,0.3678194698354563,0.1567377412920858
Jinliufu,Jinliufu,0.11212651829073475,0.035136681411348576,0.41740147637045066,0.0041653243191077365,0.03609159515358127,0.19398341446425316,0.05259454471828637,0.07714243106956539,0.022938934513626386,0.04841907968904569
Dukang,Dukang,0.07897479800233398,0.42199314141086336,0.037318437033065796,0.00878114378560922,0.059476657287626834,0.03562266685989061,0.03339446496462795,0.14599650174555887,0.09374018319585253,0.08470200571457077
Dukang,Dukang,0.05516762682846073,0.34440181201748293,0.07177064030172872,0.09240663854378615,0.09316511134257194,0.02278141559883735,0.06635807061297565,0.05466116240057672,0.11550693250339739,0.08378058985018257
Laojiaoerqu,Jiannanchun,0.10572586477742477,0.022910995623302857,0.12024619834672158,0.2218149240732524,0.06695058133597978,0.02836051630205629,0.1374075606854776,0.04095026587170608,0.0778016051225412,0.17783148786153744
Fenggu,Fenggu,0.03809518477302291,0.09468123612197757,0.07817401197349286,0.0033792624995847747,0.1478112832385892,0.01287374274699873,0.08842576573201988,0.29099148598792823,0.11717132802924021,0.12839669889714556
Quanxing,Quanxing,0.03818100898989174,0.0015043083497897703,0.1090596953045842,0.0807506493630423,0.12604539468038947,0.12382493516230984,0.1271320763277466,0.0731283976405828,0.2010455189089161,0.11932801527274725
Liuyanghe,Liuyanghe,0.3079524921113187,0.02667258151443305,0.12431362400024634,0.12832462059496846,0.06780165755468037,0.011006775904765917,0.056390095624364846,0.11683475308373359,0.13111836728720958,0.02958503232427913
Jiannanchun,Jiannanchun,0.010610811679885751,0.1390010207593733,0.06169448458540857,0.08583266444084432,0.39102238558304386,0.010546031057039879,0.10271478687990121,0.011740723840660747,0.05948656450100397,0.12735052667283847
Jinliufu,Jinliufu,0.07236717949607739,0.16647727107331717,0.39940437460444056,0.05361727324355483,0.0367470731160964,0.058518586670458186,0.06219356224742708,0.01147158842926107,0.0616995516806578,0.07750353943870944
Dukang,Jinliufu,0.10025183763426644,0.39163673361380663,0.09831375096799962,0.001160136543228876,0.030192911237063323,0.09178303698723812,0.06713475725484881,0.0007370387091674089,0.11159243587439377,0.10719736117798702
Dukang,Dukang,0.07032839037299961,0.2863729943441531,0.09829665567492125,0.07485449056869915,0.10027728832347955,0.09640282380789748,0.1029756926776849,0.06642852031575487,0.017994990256262156,0.08606815365814796
Jinliufu,Jinliufu,0.07641739743486804,0.09141571839129227,0.2467153810649987,0.024013097248702087,0.10966261524076988,0.09236707959682597,0.11185719534769523,0.09344319072634241,0.07354549933866897,0.08056282560983645
Qingjiu,Qingjiu,0.1623786539344708,0.10570566861666787,0.1154916511329918,0.028576853602975415,0.08655075127145256,0.13083336558232667,0.04948141820923534,0.0369370488789297,0.057313209174915225,0.22673137959603448
Jinliufu,Jinliufu,0.03201351970655482,0.06328604505560359,0.40832665849737393,0.0755319194679075,0.027992736478664168,0.011465747610521985,0.10369985115132138,0.057021941370780246,0.12242044752124746,0.09824113314002492
Jiannanchun,Jiannanchun,0.12101591643242682,0.041331431763589936,0.10522744004952979,0.0401331820278246,0.3706992484270167,0.09671867348959044,0.04932058342937934,0.0409614759223275,0.02901777551024169,0.10557427294807323
Daming,Daming,0.03603522219671593,0.09808118025086315,0.04360082879121906,0.1090649071001561,0.13426812010520706,0.12818615062307967,0.2901149492518168,0.030928832686884865,0.014562157496558198,0.11515765149749926
Jinliufu,Jinliufu,0.06892499027017306,0.08090046111990906,0.3488812410331957,0.048571846265240304,0.006301515859103931,0.16451290671645322,0.04554429460676125,0.10428871877247918,0.007293795627313551,0.12478022972937065
Qingjiu,Qingjiu,0.04126841251444859,0.1147138157158251,0.11346168757618344,0.041557557284490496,0.11510240972306321,0.1272642899733822,0.1054511160454066,0.10793668015754687,0.03181215267537813,0.2014318783342754
Qingjiu,Qingjiu,0.010882739662011491,0.015358756349466533,0.16163170799134988,0.05285378943213467,0.12106430875481801,0.13052719454222153,0.1388375137813126,0.16142712810878102,0.03907676252257084,0.1683400988553334
Dukang,Dukang,0.07272281252032252,0.40619983304402646,0.003966214432358842,0.0637446334139852,0.13861095719075683,0.10013400194001465,0.0553175201199737,0.11572610062993918,0.041034442320685684,0.002543484387937055
Jiannanchun,Jiannanchun,0.09817827062429373,0.08011741489275624,0.09791485809304949,0.005001439396713989,0.3001940821800631,0.07957577215635632,0.0723659791299099,0.08022928679288907,0.11103314612545101,0.07538975060851733
Jinliufu,Jinliufu,0.06929552882046337,0.11816781339138936,0.30894173780121514,0.0527566281110804,0.08437803106820634,0.046427254895869775,0.02730017357054644,0.07119225301889665,0.11071318921053723,0.11082739011179542
Jinliufu,Jinliufu,0.044363929413445545,0.0684688051446292,0.2653450428127932,0.12918814388706465,0.12730498298271672,0.08427705027137179,0.10437676996522956,0.09278784245309421,0.07696526215179676,0.0069221709178585444
Liuyanghe,Liuyanghe,0.28312402924439156,0.09005629498121895,0.09042268149638985,0.049796565936328835,0.1256772567248794,0.022335299655442255,0.06677746382861315,0.09220467426533863,0.09303903706359891,0.08656669680379848
Beijingerguotou,Beijingerguotou,0.048455481803236986,0.0274950549158339,0.11193648485021272,0.10548752676007357,0.031569756597629506,0.30013394981267477,0.08011813468595959,0.11753740121897217,0.1473910734777158,0.029875135877690938
Jiannanchun,Jiannanchun,0.002507254909451246,0.10203302446534304,0.07984734408961518,0.09162636932630012,0.30621002668008834,0.1051379230210654,0.1258442605285131,0.07018726155861398,0.0639744851431941,0.0526320502778154
Liuyanghe,Liuyanghe,0.32337143801193685,0.1017189222456993,0.04920897572525892,0.16366263263474848,0.10359900585973088,0.10531313745674495,0.06304942010795066,0.009235476863971607,0.005639016443276449,0.07520197465068197
Jinliufu,Jinliufu,0.010783538409762799,0.07738341152321357,0.3461206858026681,0.11258680621673109,0.08403961117239934,0.026935687148867533,0.1100469209486802,0.11299213471678132,0.025076710285849797,0.09403449377504612
Quanxing,Quanxing,0.0410216451447695,0.11491581009225851,0.14277678227521537,0.004298890391072758,0.1284778796048836,0.08914340714699066,0.1393613683358892,0.06657645346831632,0.2644946650809664,0.008933098459637571
Dukang,Dukang,0.04856075626340084,0.32351960444310035,0.1412656119342926,0.11832791453960911,0.12348026969310645,0.13585191492450563,0.012326119528385476,0.05584873466272772,0.010288468463084607,0.03053060554778721
Dukang,Dukang,0.034288365806927346,0.39402730464259933,0.04014791551940771,0.015095426657699227,0.025038590353068067,0.022016529504600223,0.14546726907550075,0.11350821193958423,0.14467266897258432,0.06573771752802891
Laojiaoerqu,Laojiaoerqu,0.0630816837604352,0.1809029481846406,0.07393310607777574,0.29445607697419196,0.052688685821244655,0.029386833760263964,0.05811764900488422,0.08051977678360143,0.15273528540540066,0.01417795422756161
Qingjiu,Qingjiu,0.04242565066402339,0.16305093977669965,0.02961070174104867,0.06905683637412602,0.17426369610713605,0.031223707589099255,0.016674814096696272,0.09765397637432482,0.06094974616934306,0.3150899311075027
Dukang,Dukang,0.12829602182600028,0.3677140098115112,0.09268590339317742,0.08068470809776149,0.022996544676276875,0.09959695974313468,0.04367599331378183,0.07786367453145185,0.013131559705710326,0.07335462490119413
Beijingerguotou,Beijingerguotou,0.045956052648460685,0.12332104207950281,0.008544305115569126,0.062772695512561,0.06874456781957944,0.2586751059354335,0.08611789915695583,0.10005252988755582,0.11652324536401613,0.12929255648036567
Daming,Daming,0.04574635286733422,0.07841509384205739,0.12244307378017247,0.1442093475112291,0.1296446033864702,0.05414016911840349,0.17419170914208254,0.07132740191770157,0.10809187690981921,0.0717903715247298
Dukang,Dukang,0.06919217139351998,0.43030544067803395,0.05175352362258009,0.12312379280671781,0.05825501307754746,0.04700343707606549,0.06501198646657964,0.10918346451327093,0.0180436655709124,0.028127504794772294
Daming,Daming,0.15285046209690875,0.028192886876739827,0.0912059013304554,0.09306738713617912,0.07865860768770526,0.10357890076397303,0.1975727633037316,0.08878568755085552,0.05978996628096931,0.1062974369724822
Jinliufu,Jinliufu,0.021999615657018495,0.08893052431460127,0.314455396422588,0.04340664557486694,0.034070321651884686,0.028482226041223187,0.12862815324020135,0.04450714469210971,0.14442610899237115,0.15109386341313513
Beijingerguotou,Jiannanchun,0.09997723734326885,0.02502686240950558,0.06555030602588013,0.13961243955481364,0.06429765757239951,0.19024067680097742,0.09744384587847946,0.14790599455108144,0.13929639018078488,0.030648589682809202
Beijingerguotou,Beijingerguotou,0.11620004075080965,0.03808554113584881,0.03768884965693324,0.1509698540936116,0.04312287219202639,0.21818833808900306,0.00011285378490888105,0.1503821322918533,0.13689713700863035,0.10835238099637486
Jiannanchun,Jiannanchun,0.1428651786579156,0.028953001448098658,0.08727371735601347,0.06687899532864386,0.30348601670042524,0.09256868960230287,0.17532671883232823,0.007628034591383395,0.055499820836132925,0.03951982664675585
Liuyanghe,Liuyanghe,0.2654273012657109,0.12658633206103126,0.06522334999721835,0.0649767583191856,0.10598284778380018,0.021527804503416674,0.06789826937817224,0.059916535520865476,0.08317686147890122,0.1392839396916982
Fenggu,Fenggu,0.13318681436397933,0.06886807679773697,0.14324428249527799,0.029548555166879827,0.005273074488091123,0.035388740746585955,0.058923121574736795,0.2614721269637859,0.10647502554263073,0.15762018186029542
Jinliufu,Jinliufu,0.09454300194000145,0.09295230272703318,0.3492744168515651,0.006473702135668274,0.1022024273078778,0.08125212454234036,0.15561049285576287,0.029795058986639616,0.004630533163912747,0.08326593948919869
Dukang,Dukang,0.040073281556050847,0.37398599409600586,0.12227222348403084,0.018830743154786493,0.1026507779617276,0.047425695707949155,0.029276563618300167,0.06408111076386791,0.13523984094275424,0.06616376871452691
Liuyanghe,Liuyanghe,0.3900607066255931,0.02024759588487188,0.12468902036212737,0.038229913040204885,0.1092994430390367,0.09129057573410285,0.14992032781696638,0.06249566702591755,0.01067595458100294,0.003090795890176402
Jiannanchun,Jiannanchun,0.11704395450726489,0.0742776781926663,0.10973778807859197,0.03318354620505665,0.261176346433282,0.004261280484837643,0.1361017097823156,0.0945384187554274,0.13209757870699199,0.03758169885356558
Beijingerguotou,Beijingerguotou,0.08099770769121548,0.08987769851112885,0.0420643147469408,0.11234504007576093,0.12546602267075144,0.24967788934718793,0.09790072505111923,0.036754440673828596,0.03730435211656587,0.12761180911550082
Liuyanghe,Liuyanghe,0.2728221300439957,0.1164937198377975,0.11489874404256169,0.1013049698205938,0.16108018551096798,0.05073946926989618,0.055309808719274316,0.012842601822022948,0.07203855036774258,0.04246982056514719
Jiannanchun,Jiannanchun,0.05711224375994814,0.13880638713725602,0.15559024048228615,0.03089121510930413,0.3114365986316986,0.1544502879410713,0.010280013322950025,0.015361448075428734,0.027075476710392402,0.0989960888296646
Dukang,Jinliufu,0.01955222204779978,0.40732549412472946,0.0580456556582998,0.06516676099967457,0.032050583100709774,0.06119612184842165,0.08600842025750237,0.09760723408215559,0.09795689298333123,0.07509061489737566
Beijingerguotou,Beijingerguotou,0.1478808899534283,0.13366251270448704,0.12379249059364479,0.009092613647579607,0.0011246842266007533,0.19825935134553654,0.10849936307006243,0.06723900408217388,0.0658014624195514,0.1446476279569352
Dukang,Dukang,0.12393226172535184,0.4256496883261919,0.04343594646613102,0.09563160199184588,0.03758989621466445,0.026377498541041263,0.02555032075604871,0.04734248556150779,0.05949958774698727,0.11499071267022977
Beijingerguotou,Beijingerguotou,0.025092877780528003,0.15381796872699657,0.11123205920753844,0.060266172256452644,0.10314579043644628,0.27207431789839975,0.12475832204647769,0.0908023458348828,0.034409627338650585,0.02440051847362724
Jinliufu,Laojiaoerqu,0.06147746354435423,0.1014788778750165,0.24484248493321634,0.08242791894566495,0.07406831764777305,0.10475596417179873,0.09232161916902722,0.06371635132798455,0.07388492323483707,0.10102607915032734
Quanxing,Quanxing,0.07122528031984948,0.058260200595644615,0.0019273748624218713,0.14735560436495426,0.14279697755889878,0.018621908704618575,0.10284079312623756,0.08271757872257271,0.1994408573463794,0.17481342439842273
Dukang,Dukang,0.03670311973248154,0.3818942748170562,0.10169153610889688,0.12631221043664906,0.005546336722483569,0.11261041210312876,0.09099742285006741,0.01765356584002373,0.02949364604552577,0.09709747534368708
Jinliufu,Jinliufu,0.042448526250364965,0.1343988412060815,0.3798674611884228,0.14088039746892245,0.03719372785118847,0.1388975251704761,0.06176741007219855,0.04977655384146111,0.007211770913913832,0.007557786036970457
