true_label,predicted_label,prob_浏阳河,prob_杜康,prob_金六福,prob_老窖二曲,prob_剑南春,prob_北京二锅头,prob_大明,prob_丰谷,prob_全兴,prob_青酒
老窖二曲,老窖二曲,0.012278254769446217,0.035939570196697364,0.05789489444182468,0.6454537146821941,0.05349217625791708,0.0436913630929408,0.045912675197163695,0.05631975156679864,0.01655830456409851,0.032459295230918776
青酒,青酒,0.015233611977153757,0.06801586348352719,0.06501274785513908,0.0027151316008204433,0.048589510060708704,0.0637173247854362,0.012435340542804355,0.03911160932077001,0.0630451999714122,0.622123660402228
丰谷,丰谷,0.04314835036391552,0.018396539006705293,0.05719101205738263,0.06007792338982118,0.058420357455356814,0.02933892536369892,0.053333291388792774,0.6090675688272231,0.019742269715138726,0.051283762431965155
北京二锅头,北京二锅头,0.003032820131264752,0.04886503298656129,0.018849500581643936,0.009880601155959656,0.006306407336231035,0.7946225157083301,0.02785316165577992,0.059395507766509495,0.005356030657043134,0.025838422020676582
杜康,杜康,0.038741451938051216,0.7030823968618948,0.02288996124127405,0.04494593521966472,0.06362301827032084,0.04422580019842128,0.016729071297785683,0.0017522464575124616,0.062482739167425264,0.0015273793476497039
杜康,杜康,0.055478015430122984,0.6043735114075803,0.05956043516889187,0.050662883201750025,0.06329404151305751,0.022243921689836604,0.048658971464545536,0.025492496611593325,0.030436145144279204,0.03979957836834266
浏阳河,浏阳河,0.695630528788044,0.06933166804362237,0.05412719445448584,0.029432938127133646,0.02968588003363098,0.051964912417663656,0.01682257483735753,0.007783236665149464,0.024984207624652425,0.020236859008260104
全兴,全兴,0.022383879816709466,0.01764733216121772,0.0031798281345523528,0.0013502431398395229,0.07461509738612851,0.032315086065226185,0.029033026388687717,0.05134230904689096,0.6963706793737149,0.07176251848703262
大明,大明,0.05390401633824631,0.006129131667530409,0.028625197016322778,0.06026363332296744,0.06476145894141691,0.03204041258869041,0.6590001527197937,0.011450190939254595,0.06794469200895853,0.01588111445681911
丰谷,丰谷,0.06903104026131827,0.04757003552082965,0.04450120841005386,0.037541347620286235,0.016890676114494622,0.012926172660089913,0.0161449871458423,0.6726721289456605,0.05708466465051125,0.025637738670913537
浏阳河,浏阳河,0.6033861982837116,0.0645565586229927,0.0588732024022315,0.06180201435322147,0.06627556584777432,0.011583993791108171,0.02639557496450678,0.05050988933946804,0.046365260432398685,0.010251741962586446
青酒,青酒,0.061165367553310805,0.01682695841802511,0.01678025353002003,0.040258524613572544,0.04445442081313628,0.04349073974584447,0.0068590326432112075,0.06578577717967703,0.01991280291211519,0.6844661225910873
全兴,全兴,0.0598482552148929,0.0643535283597809,0.058055634475763715,0.05451277559759704,0.04412396512921562,0.037094710244640824,0.005857684450088689,0.027505220762673283,0.6311564177990064,0.01749180796634062
金六福,金六福,0.05280722984219798,0.0361972571953479,0.6628857639663168,0.016072631563241332,0.0498755866633262,0.005557296125884312,0.06213523553312653,0.03614402746458447,0.03508120021513304,0.04324377143084141
杜康,杜康,0.052408445057006446,0.5940529313976993,0.04308790156117142,0.035952245507212086,0.01696963674933633,0.055836903321365206,0.050676394347880585,0.041844589878061146,0.05405443760390505,0.05511651457636241
杜康,杜康,0.046496121168027524,0.6456901033537474,0.04578121479951701,0.0446436484889929,0.04060493072463992,0.049407443963777324,0.010410654475157856,0.05781933118952695,0.057226794225738474,0.0019197576108745753
老窖二曲,老窖二曲,0.06052126947191426,0.009444429373509793,0.024559708276522946,0.714068209899553,0.011781539890493636,0.0599459900177543,0.06098425199843515,0.0371905649070903,0.0004679985756201393,0.021036037589106465
北京二锅头,北京二锅头,0.04153595160986246,0.06606050149037465,0.04253822503597981,0.017491843279526825,0.04268581807656417,0.6423003426952653,0.05250479373059825,0.007202705061415973,0.05123786495700798,0.036441954063404884
剑南春,剑南春,0.06562523723728216,0.02329764100969356,0.04311142943248453,0.06351513334566122,0.6203108208170794,0.06386952495343577,0.046877506290010744,0.004622907645563683,0.020509833312754553,0.048259965956034184
金六福,金六福,0.004691557057176729,0.04055325225545652,0.6510223020313545,0.043252183585075224,0.003186331775258384,0.06071014310672969,0.06781200084078788,0.06749079652414779,0.052219791136827724,0.009061641687185717
大明,大明,0.05499608997409763,0.0017832650681366333,0.0016045996125983787,0.023471133538375693,0.03544081396671218,0.05587689854122317,0.7023199683655276,0.0323408883501775,0.01984587520392786,0.07232046737922346
杜康,北京二锅头,0.031707312319665656,0.7031704081389456,0.012173390935364852,0.059132755155252695,0.051609019138235575,0.016424960519523288,0.006129038343206948,0.05062822744919611,0.048694748875784614,0.02033013912482479
金六福,金六福,0.06512208047371176,0.010345547537296832,0.6459951672927019,0.06462570901759615,0.02874599174374479,0.04373091976510397,0.0272301678263399,0.018780259527667622,0.06738997488043233,0.028034181935404755
老窖二曲,老窖二曲,0.06441742327691949,0.016567605833009192,0.015353616092038133,0.6506687227702338,0.04695082777506831,0.0265513238068697,0.06227466819531921,0.034093490669432513,0.06975571122675607,0.013366610354353489
剑南春,剑南春,0.056589898115708206,0.0505944791685664,0.05022475827608845,0.05503675077135036,0.6359205850478487,0.040797604192982784,0.0085504676023498,0.002119046844945824,0.05999228182067313,0.04017412815948663
丰谷,丰谷,0.06139146122117464,0.037112337494938065,0.00904128559352843,0.009648435540320187,0.05283852397408931,0.03316493522555408,0.015455027809210955,0.7315449824442904,0.004948770779670672,0.04485423991722321
杜康,杜康,0.021213459614806418,0.7726588119940073,0.024475882207684325,0.035899743596586674,0.0009164234140254438,0.005713333870307201,0.030952975316961253,0.03784911793369063,0.04731904744026532,0.023001204611665244
北京二锅头,北京二锅头,0.05025139073868207,0.062192047774287856,0.05638793980551581,0.0028646805232350942,0.034743556402429626,0.6583414808034316,0.01750131753253164,0.07134166874168135,0.01030328897458598,0.03607262870361912
北京二锅头,北京二锅头,0.0503200233547918,0.05718308795225284,0.045557346248036805,0.0007953809097504918,0.02657508414670714,0.7747747785719349,0.007152638151855139,0.028542249772587437,0.0027028483553198437,0.00639656253676394
浏阳河,老窖二曲,0.7011405878026916,0.009902432856517077,0.042346405547433165,0.051443633146877284,0.05973485281314929,0.014933979534989216,0.012496519628848523,0.007802208753050001,0.04748650873744412,0.052712871178999796
大明,大明,0.002132587145929724,0.06320980965617742,0.0035089211451541807,0.03654645456652257,0.04787331147293759,0.05880481989985374,0.6558615190383063,0.05412990454908302,0.022918501808187778,0.055014170717847845
杜康,大明,0.005790447423733102,0.7151660172858658,0.03957824307033585,0.05907169494875793,0.03269213339960132,0.04651575800606731,0.038046717548806626,0.05287697415205461,0.00589995663074532,0.004362057534031943
浏阳河,浏阳河,0.6633918761085716,0.011445816271862959,0.06254219523311402,0.015726522637687486,0.07000906840814819,0.024169074974109025,0.013065231641121777,0.05665337143491575,0.04725602990887412,0.035740813381595175
青酒,青酒,0.0393676779661453,0.05098156685273927,0.016194315725951577,0.07062644404345352,0.06909949928511723,0.046099194212502026,0.014144829878538667,0.04821887634919606,0.00511787946753359,0.6401497162188228
青酒,青酒,0.018110105250320647,0.032513414011186695,0.06102270333026435,0.051105870724794014,0.052197851967364255,0.029903922277047884,0.02431251512659815,0.026076822905947494,0.06941259333529594,0.6353442010711805
全兴,全兴,0.0571872488225616,0.03816799588656851,0.02892998608099565,0.04783619796064689,0.03209947732225935,0.05760883228229262,0.059408062847214546,0.027815667235446786,0.6118765718398003,0.03906995972221368
老窖二曲,老窖二曲,0.06387168163900166,0.014747795748469376,0.0436119266389513,0.6742751679143826,0.05132293159088359,0.009210638874086543,0.05011264916886807,0.06363850108446621,0.012579048008454115,0.01662965933243677
浏阳河,浏阳河,0.6862945527413824,0.012455979894977267,0.058804192391629956,0.03388167935672008,0.01701600809426229,0.05993052209921045,0.030648727478270094,0.0354329903014074,0.024724715273724416,0.04081063236841552
大明,大明,0.011603992574489618,0.027751955574360998,0.06879150555921776,0.018317682849236457,0.046603393487821686,0.023076160262772406,0.6935458889555954,0.009287065938231085,0.06882050937133893,0.0322018454269355
剑南春,剑南春,0.01792540150027747,0.005581258711283349,0.012891220645789707,0.039471037612732365,0.7090413141923793,0.06294445229933389,0.03272110443503555,0.018887076652075997,0.046865282583764586,0.053671851367327925
杜康,杜康,0.011640846177700602,0.638874677939054,0.0025555649202910788,0.05131851455750248,0.04625932794474927,0.0330761608581908,0.058828700340503,0.0561456848662033,0.040792279021554155,0.06050824337425147
剑南春,剑南春,0.01625930771545738,0.008840482092285997,0.02130740457169089,0.004509265950673358,0.7528629384576491,0.07398207655479959,0.0031077291774112893,0.009645409034674937,0.03571900470356672,0.07376638174179068
浏阳河,浏阳河,0.6456619080573535,0.03515421926387648,0.002881232473502285,0.0102810164515547,0.0683790053062942,0.06688814270832552,0.0003423684060182266,0.0659658990857344,0.044294598960939464,0.06015160928640108
青酒,青酒,0.03449292712249422,0.03910898949827465,0.03707999036807315,0.05058298706646574,0.01059282685077167,0.002273556712192506,0.023357101653941767,0.05345144458432858,0.015310987869747475,0.7337491882737103
金六福,金六福,0.06304655638406145,0.006103766621191693,0.628741809398898,0.028844804365622947,0.056431281382337016,0.011515151537342588,0.04502231034798548,0.05447945829440657,0.061402138357057344,0.0444127233110968
大明,大明,0.03369197745195871,0.04186957342280021,0.05888297086707178,0.03866843635148274,0.0020592359151193704,0.06308747894818696,0.6566288968165981,0.04584519446600247,0.014615629950615265,0.044650605810164605
老窖二曲,金六福,0.026443822295137833,0.04372339533707486,0.0071565927534964794,0.6484219983389544,0.06710004403598507,0.003236927657875963,0.06560689442354531,0.027319558836400047,0.05846186954963164,0.05252889677189833
北京二锅头,北京二锅头,0.036852079292724986,0.047994018311971864,0.057097348616835,0.02626628582565719,0.021254861333795838,0.6283257510016803,0.05250431911233207,0.04954318625989796,0.05185229043942349,0.028309859805681358
北京二锅头,北京二锅头,0.06239089603374036,0.009170502441214484,0.04153795724182613,0.00043931640585091454,0.024761987658143192,0.714548152019514,0.030223202606028433,0.053055767696294456,0.02964230111673104,0.03422991678065676
杜康,杜康,0.017584104052256445,0.6938510086751312,0.016823538257937642,0.0054182973707158225,0.04467002748983824,0.049464170449478165,0.04585751145905786,0.0343099510132801,0.028113482120810905,0.06390790911149367
青酒,剑南春,0.03808171580793224,0.035154514388167364,0.0018811946223709775,0.02503517396266041,0.027892524686113744,0.029259080620329177,0.042563541848674336,0.03914701135873865,0.04459811468028986,0.7163871280247233
丰谷,丰谷,0.056362512808789095,0.049785893103147474,0.06624435582032849,0.001264024847787156,0.013572857062897653,0.000524317484953648,0.04488799757734725,0.686208683657855,0.016880091994193543,0.06426926564270061
青酒,青酒,0.004591890273449344,0.0711965074650349,0.02679081987294,0.0077274511712480745,0.03701951908705533,0.019564308626944842,0.021705023253924167,0.02341302310078652,0.061184112865501725,0.7268073442831151
全兴,全兴,0.023919661144266923,0.046895651219919586,0.055026205590478494,0.020947357662595555,0.03177548901559725,0.009365248783510693,0.013918804671780817,0.05233442125049503,0.70546566849862,0.040351492162735564
北京二锅头,北京二锅头,0.05021910648274359,0.007569694491308154,0.04018061204821407,0.018171386621387592,0.06820052497728535,0.6716842248200512,0.05708545107216394,0.03897049713378794,0.0030747480493384474,0.04484375430371982
青酒,青酒,0.06154592703567484,0.03891804405547584,0.05299302150209132,0.05719898602783407,0.014754395302127554,0.013717101534470262,0.03952413208134354,0.02658927826933539,0.05433031415091901,0.6404288000407283
浏阳河,浏阳河,0.6812055732446306,0.01725117883259709,0.056845330653048455,0.020014002939169176,0.0599106397197435,0.03086067100763964,0.04861736613540035,0.00695779497006927,0.04543540076476212,0.032902041732939896
杜康,杜康,0.0434971055457753,0.6798096288633955,0.05463929873129024,0.06397653273416559,0.016071288691412236,0.007097248650642228,0.0017528047015285114,0.04760228306458564,0.0450161138504837,0.040537695166721226
浏阳河,浏阳河,0.6555112843203655,0.027756148162109927,0.042210591321510005,0.035272762968449875,0.07013737711533644,0.009687858530780023,0.04935850418854281,0.02870851752025065,0.030404168980069902,0.05095278689258496
老窖二曲,老窖二曲,0.05109343408078544,0.0731427333401617,0.00947394955047714,0.671773455711947,0.053447465927850865,0.0426779765336259,0.020229749584313256,0.005860191277441686,0.006320545397377001,0.06598049859601991
老窖二曲,老窖二曲,0.015564716614215261,0.02623264139843668,0.018386886222717183,0.7588987162913247,0.00563182105236927,0.042107318498155105,0.005484885940928693,0.06492675213384629,0.018959259110880818,0.04380700273712603
金六福,金六福,0.05738966526276733,0.042443497254581276,0.6216410139345204,0.021149696416810495,0.02171494425032178,0.04365702219225877,0.06482749785943522,0.04315831395162485,0.036372871557128955,0.047645477320550786
全兴,全兴,0.03525784295342418,0.004558176458490961,0.04261636640648002,0.07257823422114494,0.013286175935362543,0.05229533658938854,0.01522872521682429,0.040610276080949234,0.6894353403977227,0.034133525740212695
老窖二曲,老窖二曲,0.04975697303614355,0.022870861755431883,0.043752445381161104,0.6445590799648894,0.06101004902069317,0.015439891480963074,0.02627574030184053,0.010029261107700027,0.06530728609632534,0.060998411854852
金六福,浏阳河,0.036445462901517636,0.05683468459078043,0.6426356858502432,0.04209013601915607,0.0060156279121925255,0.05097845467199877,0.008620271441610615,0.055757050854889044,0.05278451576762516,0.04783810998998668
北京二锅头,北京二锅头,0.0028493720715775514,0.023885961900826,0.020732790902782783,0.028378092445816988,0.006906088688259683,0.7830141631944302,0.04363860708773043,0.02407475876479823,0.031281419920604986,0.03523874502317313
杜康,青酒,0.03887559861827328,0.6159361043940657,0.05951090667731173,0.032167724229569004,0.06422094683170237,0.05511150051261718,0.013496582657529661,0.06023607621828923,0.007532227870910999,0.052912331989730846
全兴,全兴,0.02646955341500163,0.0610566630322389,0.06036696471248012,0.05604619000605787,0.05494081206197517,0.02118819548096976,0.005627341578243549,0.02802431051863008,0.6379512271447545,0.04832874204964839
浏阳河,浏阳河,0.6006265564312652,0.0626975329289342,0.041192033345351105,0.05285666568104912,0.008516690401355624,0.05539731066758931,0.05930093728686988,0.0313010059413728,0.03896080985459358,0.049150457461619355
青酒,青酒,0.014177900564509233,0.040753762316958944,0.03232812368220776,0.011869664836796117,0.029803862996032215,0.005528184697314506,0.002093122417193976,0.0109608170536391,0.07810030596928232,0.7743842554660658
丰谷,丰谷,0.06954310583095288,0.031141598250822737,0.02245202400103822,0.03644426329061085,0.031646620988737474,0.0076082850609212075,0.04614208910732443,0.6635920611959246,0.04461284121664283,0.046817111057024755
杜康,杜康,0.011275598628589848,0.6720752516837557,0.05790865169709518,0.034103141170549744,0.004313976296231895,0.07378868027596043,0.004285552006279233,0.051550375560680685,0.07295891765333169,0.01773985502752546
浏阳河,浏阳河,0.6844170529148643,0.00908725185207652,0.022704115185422948,0.007564601816503502,0.05181733800069404,0.0046633565961313565,0.03813691549828767,0.0746158079760985,0.06093633093445412,0.04605722922546696
全兴,金六福,0.02298013504948047,0.0468148279780834,0.03954723534780528,0.03197171572695547,0.009808021541567903,0.06652748969737331,0.03375017068059101,0.01460375094936938,0.7029218934335113,0.031074759595262583
丰谷,丰谷,0.0616857055192904,0.05468452971936473,0.05734494502055563,0.0008222841910880994,0.031020637387013293,0.03587999262664557,0.0014306162203493985,0.6902380106315295,0.05667295043485466,0.010220328249308701
丰谷,丰谷,0.03854931666526911,0.015497343733883557,0.0008728539822474606,0.017369653258566566,0.07027564806455476,0.05772113421634178,0.06910204338212463,0.6832493325330667,0.007902438649877505,0.03946023551406793
丰谷,丰谷,0.034052277774223476,0.06327842463781205,0.00735057634182469,0.03659012356936637,0.011245056522810794,0.024332100235085165,0.05525955215683307,0.7101586654786386,0.028170094158099235,0.029563129125306693
浏阳河,浏阳河,0.6136332480752,0.050923934917250384,0.057869433449414635,0.06197245367839767,0.0510463341727308,0.020460409857117175,0.04463922099752071,0.02838726544546268,0.01652045461235614,0.054547244794549594
老窖二曲,老窖二曲,0.0026631327814836433,0.062496489705706815,0.03198263163547059,0.66790491076355,0.0456964320640415,0.06203601078261064,0.044124303956606575,0.042548581881440395,0.004619310420149034,0.035928196008940635
杜康,杜康,0.01243296831937096,0.806193055156483,0.04240847897569957,0.05631821736070155,0.0034502317398847665,0.007020200197758988,0.059306687410529225,0.005968091023568237,0.005899570710514861,0.0010024991054888824
全兴,全兴,0.07039711356493386,0.054279544000904976,0.025998790556400767,0.021824588055034615,0.02573764975379034,0.057013374685066925,0.048675916312101615,0.013630124792359798,0.6752011213834358,0.007241776895971369
大明,大明,0.04773743280544627,0.05526130290306034,0.01916187179754663,0.0015142428464903755,0.005940706190702482,0.06997268374025431,0.6720261135108959,0.05561197498766314,0.0451608546420625,0.02761281657587807
老窖二曲,老窖二曲,0.014699398797454064,0.008674855944279245,0.04395177798717636,0.6985422359507001,0.046016487891113525,0.037897935227310615,0.0029980357396970927,0.06921285557869751,0.05707994896229633,0.020926467921275227
浏阳河,浏阳河,0.6653464960669677,0.04012635243350172,0.038829060816766556,0.049872680209370024,0.05411921742191155,0.043766236443209816,0.008539910760567317,0.022551680257471313,0.06187365069928853,0.014974714890945571
老窖二曲,老窖二曲,0.026789900158873954,0.031102423948464086,0.03162992701998459,0.691973429007381,0.06788593807939762,0.01732591365154549,0.00874609928280076,0.01421462507108459,0.0638439947742371,0.04648774900623076
老窖二曲,老窖二曲,0.018133266917265665,0.05175037526746938,0.054631273710386494,0.6245023882899065,0.058281722361986595,0.01599805922223435,0.04788755406654773,0.02920911970030088,0.053402665057859566,0.04620357540604288
丰谷,丰谷,0.05490046863048714,0.04639540325430801,0.012545501484138155,0.03853735806404386,0.06962329567809891,0.066280138303393,0.003052696403948596,0.6480189104406517,0.009314180151376528,0.051332047589554064
大明,大明,0.05595838411007448,0.014609886741266695,0.034613850679206595,0.05752656748218128,0.050143220746768614,0.0371035242573917,0.6562362275509827,0.034785454950292345,0.020360270504203096,0.038662612977632474
全兴,全兴,0.047328073242559006,0.059999379872471274,0.04371474281004067,0.05229087591862772,0.010997305415924431,0.0317101060074613,0.0006411046734979897,0.016947429902665796,0.6682312586346083,0.06813972352214359
剑南春,剑南春,0.007220240255270192,0.02922908821311501,0.05824576836335458,0.014853947683900475,0.6956173719865424,0.05336814179346116,0.044844204145272536,0.01368834211894614,0.025872263933330742,0.057060631506806896
杜康,杜康,0.042288623353641655,0.6871175478433811,0.05806516073455843,0.0026943290353280127,0.05690102197545828,0.015449683345936943,0.07310297777675491,0.02807463636531014,0.024945554990941986,0.011360464578688532
丰谷,丰谷,0.020372299580868992,0.0584396125528346,0.06641800269767177,0.02455238414149091,0.029905445362749684,0.04813495601855108,0.05907590606358822,0.639495017289343,0.026100028771177158,0.027506347521724425
丰谷,丰谷,0.05215521501183128,0.00024129507128474006,0.04645481903684699,0.026653724443712865,0.059546365751355614,0.00697213958331589,0.04410151727299815,0.7108529041164454,0.04815950544114869,0.004862514271060431
北京二锅头,北京二锅头,0.04011713845913253,0.03883755968029087,0.03878052994540119,0.04174288799793182,0.04679089051991223,0.6782053392125319,0.018663340981523092,0.05706818387215796,0.03446405335233513,0.005330075978783306
丰谷,丰谷,0.004323937135099197,0.024683220178467625,0.057963985036298446,0.052261644913903976,0.058238555306833195,0.03819988701913883,0.032508327684465016,0.6755317154227662,0.024236760255136137,0.03205196704789129
剑南春,剑南春,0.005883083021320214,0.01464866974109275,0.03972225736553424,0.04884815110312937,0.6638919099854775,0.061958877811827594,0.04266643434062691,0.027970939633813908,0.04224228106338694,0.05216739593379062
北京二锅头,北京二锅头,0.009231357092537324,0.031976510154981805,0.0655126274163287,0.02994264912135486,0.04461151830073967,0.7479379047134349,0.014390915868438416,0.028257836316787917,0.02609508666592835,0.002043594349468073
剑南春,剑南春,0.0016929084195748771,0.05820108587771831,0.019109142905792798,0.036254483522057956,0.6507128163759037,0.06582751970161889,0.018145252583636796,0.03006682931761623,0.06107253674011886,0.05891742455596167
浏阳河,浏阳河,0.6787053532326016,0.059302449027653255,0.033852651812208784,0.03568364249628488,0.00986202608780702,0.005955157294402857,0.0537830230691442,0.036680505303474845,0.03227625049428855,0.053898941182134015
杜康,杜康,0.05694447991685548,0.6813069549860429,0.04539303493773426,0.010068632194289884,0.05589280540249063,0.04886915655063735,0.07116003159483003,0.005129604455639645,0.0042441498073269215,0.02099115015415273
浏阳河,浏阳河,0.687313824545659,0.018328367232610766,0.06725341130670472,0.01851889477772895,0.020181466862831454,0.05635516198839965,0.03337532218369475,0.05763991231154274,0.004850841225750277,0.036182797565077716
大明,大明,0.0025820356460069934,0.004812718773834583,0.0696281803391911,0.010696161964403773,0.040898004760277995,0.0315783936871974,0.7180181097015989,0.06912088444443956,0.001676368734203379,0.05098914194884638
老窖二曲,老窖二曲,0.0650308714796084,0.03781236828029867,0.0632372151676558,0.6110438236325053,0.02826930854283252,0.017561122700779263,0.049331740521276896,0.06623933324623575,0.017316244446737072,0.04415797198207046
北京二锅头,北京二锅头,0.015357565727769959,0.04382736139512771,0.03596647551162403,0.07535494255836869,0.04717622041910582,0.7248226878393502,0.008845302648331544,0.011725446089659626,0.017467748165886622,0.019456249644775745
青酒,青酒,0.06061230230957424,0.0399910217927671,0.03729523779132733,0.008178079279529646,0.06129092748857705,0.05150553960966859,0.004821840794642722,0.0504381671414794,0.038730873280236625,0.6471360105121973
金六福,金六福,0.03129627932778308,0.03309877625430469,0.6259093142606829,0.06457951546733125,0.058042830921788455,0.045685971278023825,0.0315690830386161,0.028118506149153802,0.04445345613084377,0.037246267171472135
剑南春,剑南春,0.0049291811316460234,0.04056676394186676,0.06383027533739023,0.03635078911663577,0.71650085433652,0.06223726293625858,0.015938799606111297,0.02047093880299747,0.013037208247498945,0.026137926543074924
丰谷,丰谷,0.04864677517287917,0.03338803681965387,0.013170523224361545,0.05643015194663341,0.056542762614041626,0.05596398896495564,0.015350700355253396,0.6075604898374865,0.06331876446852021,0.04962780659621466
金六福,金六福,0.002017360562232201,0.00484187180642783,0.7027594472342003,0.06751560887803616,0.04000216851538846,0.036965868521574546,0.007832119246011883,0.04877026311510813,0.061046592553326354,0.02824869956769406
浏阳河,浏阳河,0.6537455132482177,0.06449952133283877,0.013626912610344051,0.03499774781984846,0.019202394146129845,0.05302225855595236,0.038626643240852555,0.04243779464509419,0.053360629468603225,0.026480584932118877
金六福,金六福,0.059283831483283055,0.03453211288431267,0.5932953150650885,0.045083612504614776,0.051391195080334524,0.02052130881097085,0.055532097197098944,0.058704214885383466,0.017939172911413222,0.06371713917750002
杜康,杜康,0.010620667392106604,0.6945525296064662,0.013904978291710404,0.06747682648055221,0.049384891712411776,0.011480573222534877,0.033234864522437416,0.04644165095714131,0.0062997275216256105,0.06660329029301337
青酒,全兴,0.051993749905200365,0.03268725618700065,0.06257381549823533,0.027029447878980116,0.06367267383784828,0.04321492358218235,0.04106370616631178,0.010737405873671045,0.05706138571746209,0.609965635353108
全兴,全兴,0.011817615404094001,0.0009183732632274147,0.04077444690006326,0.038417524852229885,0.052400086207267875,0.06484932761054146,0.005784237058563332,0.05328461268869292,0.6692413340560613,0.06251244195925866
大明,大明,0.05527945384564474,0.036498736560478376,0.04793502987404518,0.021215818161873706,0.0317996146596822,0.055453134215103554,0.6384157089546186,0.024148179426107686,0.03335491534583304,0.05589940895661276
全兴,全兴,0.02563426009343839,0.01328801592810125,0.05444962533116063,0.06316477334640554,0.007696018397690286,0.018343817949171826,0.010856979538709378,0.026608014669490223,0.7226937326463229,0.057264762099509495
全兴,全兴,0.04436220922179475,0.04230340964448643,0.024007047663175924,0.05732720702004393,0.03210845038680999,0.06670570408122403,0.04320364057027699,0.008602324592263046,0.6592309077734355,0.02214909904648948
杜康,杜康,0.049094308791729546,0.6487689331094829,0.012509606671735608,0.06121253745467362,0.016250592104660358,0.059875166935645464,0.01997715752913414,0.04598658360244815,0.04965393003278333,0.03667118376770707
全兴,全兴,0.021001941102101344,0.014627541743896846,0.00228305435393998,0.020908094293060425,0.04493025466792994,0.06454481954604997,0.059929071011656516,0.05269664163487507,0.6733350985567649,0.045743483089724916
北京二锅头,北京二锅头,0.018318874920408797,0.06384798852820434,0.047205846049157,0.03944356589975838,0.007811390183189512,0.6648796273905622,0.03239981329670183,0.06084760779582126,0.03847286207504679,0.026772423861149867
全兴,全兴,0.06712738998764747,0.007608908628451802,0.02903825102025841,0.0028880075866030428,0.05084747723612906,0.06309179159670467,0.019244644461265583,0.05898670874629736,0.6385771368009286,0.06258968393571405
全兴,全兴,0.051404071218777464,0.05487742163609553,0.0012276618514476725,0.06564306754639174,0.04954341492694208,0.02077750472072534,0.056546971693783185,0.019193722738351852,0.6731105896378616,0.007675574029623513
老窖二曲,老窖二曲,0.05602254401174561,0.043046621895504386,0.00768539771772833,0.7357747920653378,0.0009875224042074535,0.03732001889720025,0.023984627903257373,0.04763702783987358,0.023663990327615295,0.023877456937529764
杜康,杜康,0.05232416171079374,0.6370301689252513,0.06356789031024661,0.06000323046553664,0.047016469332603436,0.04176548092421315,0.06282213062133475,0.013048082652130068,0.005559786095581645,0.016862598962308614
金六福,全兴,0.05520373313545608,0.0024087345493948873,0.6657704160727226,0.06915853160086284,0.05944992466511078,0.036227706488132866,0.004421484788767019,0.05776010099233032,0.04161433883314687,0.007985028874075822
剑南春,剑南春,0.006405705443801973,0.062081504702161026,0.045672531177136974,0.0565983447619884,0.6742346003279586,0.03902313256796838,0.03531541444599625,0.029376421986251948,0.021631421435524042,0.029660923151212156
全兴,全兴,0.051611824533380896,0.040143666103707586,0.059524442969938536,0.029570038874010433,0.0404882084454252,0.04210336118222378,0.039461652586073336,0.04686027179962718,0.6160658078790251,0.034170725626587996
全兴,全兴,0.007373680377659047,0.027203348485636072,0.03450139504063537,0.046143461967370215,0.0672480252488338,0.04249476961229479,0.05260766843320516,0.03581723359687233,0.6815921156801255,0.0050183015573677285
浏阳河,浏阳河,0.7384465096767531,0.028873767806220727,0.03770221584013408,0.0036425038310612763,0.011173106865603214,0.022088168371894343,0.0775226462340253,0.02643955993753487,0.03846406689994151,0.0156474545368317
北京二锅头,北京二锅头,0.05390405210955731,0.024771539531083173,0.018268013746395553,0.045589827174745495,0.00048591121240310444,0.7949663297725308,0.019333794700613794,0.003240823221837988,0.009533752254848305,0.029905956275984275
剑南春,剑南春,0.058699522192931175,0.04183850134788406,0.037495499014053364,0.021465189486438115,0.7263887366814127,0.029036891408567054,0.006369791945513746,0.045131019128493634,0.008325913948260126,0.025248934846446115
金六福,金六福,0.03572341715965958,0.06154805111329406,0.6683759268083747,0.049441254607390704,0.06989746869638166,0.009257252980569713,0.01934197472342406,0.027779412887711342,0.02969804776316578,0.028937193260028415
杜康,杜康,0.06120896667963071,0.6551109437690703,0.0409969137536244,0.020863987243334308,0.055556133670448135,0.06440894486718511,0.055381323245753296,0.00010555014344817031,0.0429186844944624,0.0034485521330430515
老窖二曲,老窖二曲,0.02065632492067478,0.004773008883821337,0.04841554924427672,0.7767225948373069,0.009180231238186206,0.030778254876142858,0.03658348379153083,0.029592645425755692,0.009704431926668783,0.03359347485563603
青酒,青酒,0.05559415370755933,0.005255226810732653,0.005934065885110198,0.02625637129160268,0.06969645094774626,0.04948058665322316,0.05022788138981925,0.026785441426544904,0.043936413441379205,0.6668334084462824
老窖二曲,老窖二曲,0.04379261971260721,0.06287608327303383,0.04217318610401454,0.6797638974510845,0.04984259355039016,0.008299955505967368,0.06213023130300761,0.004574387821682368,0.036761483735320795,0.009785561542891692
北京二锅头,北京二锅头,0.0009298556516677359,0.03352216546682681,0.023435072352754188,0.038603001010191776,0.04584696537361078,0.7183438556127142,0.009770147122312016,0.04437294461575727,0.027257770002813732,0.057918222791351476
丰谷,丰谷,0.04375222192234893,0.056718600993748904,0.046448701125438634,0.028837468561636853,0.04513898817023522,0.018471090769395133,0.02054586503642249,0.656592571798147,0.029943424531391528,0.05355106709123534
老窖二曲,老窖二曲,0.05377099114950155,0.05606848542173766,0.059930744507711006,0.6166094686376359,0.020847906641133496,0.03806487354025942,0.024267711743520534,0.03929897183979781,0.04613207567081282,0.0450087708478898
青酒,青酒,0.029231928410698202,0.013022581428909325,0.033600602843454834,0.01112874030887717,0.06946750035241357,0.02699395872129527,0.012054789669593929,0.0019860669121943876,0.05040311906857257,0.7521107122839908
青酒,青酒,0.02534146661477522,0.005335473301327011,0.03047701109656644,0.023155053680767725,0.05037880263841283,0.04507089499231084,0.02712632638587892,0.01621153653134501,0.07351137451383248,0.7033920602447835
金六福,金六福,0.05439367374622449,0.01110777051512662,0.7496373459758028,0.002176201401644695,0.039945648620441775,0.07618540053151764,0.030363499766293302,0.0030818186634559395,0.0024464074118862415,0.030662233367606626
剑南春,剑南春,0.011544253329008646,0.001684628169422802,0.05455350724225334,0.03307800577024003,0.6701292764299033,0.06493230687401398,0.008378304079070151,0.0689603093575834,0.022649665748282078,0.06408974300022224
老窖二曲,老窖二曲,0.04165656577268944,0.05711617277397386,0.0679842330898907,0.641724261348136,0.06640364307498542,0.02690881475705942,0.02663453312459099,0.023516917355994527,0.03740517134391809,0.010649687358761638
金六福,青酒,0.041670676240154,0.04076708981587326,0.7346516384037375,0.06273801172655272,0.03314630343955847,0.022752699345244976,0.019516771513032643,0.014646809940562451,0.004338385237376899,0.025771614337907263
浏阳河,浏阳河,0.6706747680768064,0.06991741511734811,0.040348569975875374,0.025124457872673187,0.04199509944087209,0.0100704661291119,0.0321252407058059,0.04530618514512103,0.035370299784869004,0.02906749775151691
大明,大明,0.06929593942456692,0.06137982323436719,0.0434668929346028,0.039699756593547374,0.04327546484304622,0.014036458462783806,0.6550746604957387,0.0027513103924802227,0.033157380718565235,0.03786231290030148
北京二锅头,北京二锅头,0.015115872914770642,0.06398311492805896,0.06036099341274184,0.04792903631934848,0.03540115845052584,0.655075180514501,0.008671466580129893,0.05246656172951873,0.00828442479593511,0.05271219035446961
浏阳河,浏阳河,0.6183690212383954,0.05847124134265887,0.06293456377289398,0.009919482920226432,0.03084426802957347,0.06539752105884605,0.03222635548407013,0.05756839338211524,0.039247785418707444,0.02502136735251277
金六福,金六福,0.019747171579961805,0.014042379874876647,0.6745241287917497,0.026709310466776506,0.03532828982452967,0.034018877359408874,0.03988902727031994,0.059809950852103264,0.06776746848615625,0.028163395494117262
青酒,杜康,0.053510762675326534,0.049437498388954074,0.03708673093619679,0.06182192387580246,0.012963503233963955,0.007065471339196805,0.05522067825493965,0.028397225717798097,0.054768474943761095,0.6397277306340606
金六福,金六福,0.004348192022188596,0.06150532243893133,0.6577759910222524,0.0355354464997569,0.043622310755608046,0.06449319012585303,0.001330830159769764,0.03319703569461822,0.047878045328129774,0.05031363595289197
杜康,杜康,0.0503912350613864,0.6646554685350157,0.02178513638197906,0.026101475596365453,0.058533842717416726,0.02028360495023422,0.01533167672634005,0.06966747835811968,0.0006449255850409459,0.07260515608810163
剑南春,剑南春,0.04575616001693605,0.056008246044721086,0.019917594594123223,0.0009677770731013545,0.658323720999249,0.05639192165208042,0.05005951266543369,0.009657321090865426,0.05093511186810494,0.0519826339953847
青酒,青酒,0.049076242547707975,0.05709305721195339,0.06304038212089379,0.04572745886097701,0.00660306591648631,0.036339359676126004,0.005786641051438533,0.030371222671433155,0.030338690373129966,0.6756238795698538
金六福,金六福,0.025568100275425658,0.008136019081165267,0.7189311320658051,0.06946432367940782,0.005300705408363642,0.07000872659851755,0.038304198268906686,0.021957782146135592,0.005633892092517162,0.03669512038375578
大明,大明,0.05855375774922934,0.0521104597445825,0.00370152821850269,0.005372678278236161,0.029690727586743796,0.021762152010777743,0.6804030441550425,0.02070931081164767,0.05921461730097066,0.0684817241442669
丰谷,丰谷,0.02781580947294153,0.06221684362294104,0.022075052309167703,0.03271387876957098,0.01551996474854831,0.043977390922870396,0.06722036793427769,0.6594104108484876,0.024568803231597058,0.04448147813959784
金六福,金六福,0.008852806234367828,0.06400165329559546,0.6844166652470431,0.0323623839975815,0.04219426313350809,0.044997233538634426,0.0051693279989320495,0.04916241975864957,0.017424035683235292,0.05141921111245253
丰谷,丰谷,0.05958845371983914,0.05824269641484327,0.04002587921061676,0.03768365759848326,0.010350635216988013,0.05616987696519546,0.01966222634750341,0.687987182496833,0.02059420920040539,0.009695182829292192
老窖二曲,老窖二曲,0.050959524708273134,0.004397904568045741,0.06059906104641855,0.7542117217514408,1.0902720312990754e-05,0.041373329448082675,0.0037924260191401094,0.022354534739120458,0.05722618587389493,0.0050744091252705945
大明,大明,0.06438750359745729,0.0002930346769050686,0.018934402402499512,0.05683638128754891,0.024261779471477937,0.007816389410115731,0.718044150969522,0.020742464283917975,0.06464628529030762,0.024037608610247927
大明,大明,0.05251241197399417,0.05936421578769576,0.028875473976897863,0.06056704591639607,0.025114799813394525,0.0641703628550077,0.6049953996548276,0.04572893124233392,0.0328689301793364,0.02580242860011625
北京二锅头,北京二锅头,0.0414411630302316,0.04610100973936784,0.000285784059058525,0.010935040737432473,0.046702865277072875,0.6331258623268465,0.06327387472820468,0.0498462130983338,0.062273410867072714,0.046014776136378936
浏阳河,浏阳河,0.6844222837868409,0.007755828758516549,0.05754943745878268,0.047415315742411084,0.0035469343372967178,0.026503030594030464,0.07042927918087116,0.03683413335088625,0.03185285013354968,0.0336909066568145
全兴,全兴,0.015218359568254446,0.026862529337158454,0.026943114273924602,0.003814377307701516,0.05592190651175763,0.03034484654809503,0.05990073715741931,0.06195295326993675,0.6711490312696264,0.04789214475612571
老窖二曲,老窖二曲,0.03375488092102343,0.06290648002632673,0.01541939763766306,0.6916917596080859,0.043437202821094624,0.021105759576965696,0.009763127005541623,0.0465739359942057,0.05278896842535093,0.022558487983742406
杜康,杜康,0.0489129767871681,0.7126559934002731,0.05409942287168225,0.01511122740345329,0.06752615405598383,0.02180109819608902,0.027897949591177754,0.004406492919097349,0.00845862045239823,0.039130064322677044
浏阳河,浏阳河,0.7541557275280824,0.06798768779104228,0.0011956830211966,0.0308489980138714,0.02745168946525459,0.0015727971723077392,0.01012055057892848,0.033660412506396786,0.04010714132809965,0.032899312594820235
北京二锅头,北京二锅头,0.03631848277165629,0.040709635727063154,0.0006788332064475446,0.03174615917904165,0.06590760460876477,0.651143860994534,0.046346884329948906,0.021332865628845885,0.05294442959279589,0.052871243960901974
大明,大明,0.040367448489864406,0.07557929493982891,0.00972219499865718,0.001312371333970946,0.059638514586969,0.06250346559217199,0.7062388007642718,0.020565859606059632,0.0013591971918188585,0.02271285249638728
浏阳河,浏阳河,0.7080242242127832,0.037524125356782304,0.025218104421730277,0.02693099407344711,9.806465611907978e-05,0.02171932411156622,0.04683329628675937,0.07057640973740559,0.06136609829504506,0.0017093588483618719
北京二锅头,北京二锅头,0.06584953875726218,0.057395409951003624,0.05718858308163285,0.03356346731234774,0.029167164493581414,0.6817489067006484,0.004814339887996554,0.016725853922334766,0.01807194254308918,0.03547479335010334
金六福,金六福,0.04810123439842872,0.030491682611983744,0.5829109097105812,0.0616378573645771,0.06066832937089984,0.050530294867208676,0.0637961771310337,0.0350397595923953,0.06195824823652219,0.004865506716369531
大明,大明,0.027079894239001652,0.016690243963056416,0.014502101169031497,0.01042693382870657,0.046091831923489694,0.05785952178465437,0.7093053404619215,0.010883084908482265,0.060066454165202746,0.047094593556453394
杜康,杜康,0.02771535737940575,0.6907410269468708,0.018557433773001664,0.024647013561453893,0.06550925965785635,0.020742265655938306,0.03355755701886642,0.06355682470560609,0.05053189871771618,0.0044413625832847425
大明,大明,0.01109399660095419,0.0005905823725201765,0.047517308488304905,0.03371612232558413,0.010112789907330813,0.07214594874777516,0.7177177708933209,0.018217976388863553,0.03770250875669597,0.05118499551865028
老窖二曲,老窖二曲,0.006118057719739923,0.02204447843206525,0.06475750384504773,0.7591207940588703,0.04386181537700946,0.034732692096380004,0.0035228900574020418,0.013301116497883275,0.03575390113937914,0.016786750776222912
青酒,青酒,0.0031497678071385335,0.05316831126166897,0.061836508708687545,0.049985282987136836,0.05380705333265554,0.015249831690932553,0.06054043072232413,0.012410610228323574,0.059960808919188036,0.6298913943419443
杜康,老窖二曲,0.04935933018340514,0.6922113006469052,0.039498666904130626,0.017999716278235208,0.030306495780683628,0.04116457974480882,0.005068345318272053,0.04316068901777139,0.06804654905307304,0.013184327072714792
老窖二曲,老窖二曲,0.04887339756757643,0.05598331075682502,0.05819100090729864,0.6141668769051122,0.03215450576837323,0.06026325036782872,0.046697641803029065,0.00996906518366082,0.029406853542796978,0.044294097197498675
杜康,杜康,0.019127651005313898,0.7455409042266044,0.05155043681801201,0.012582113465483494,0.043699930636181154,0.05967248085145557,0.038581264553279086,0.0009359743598745788,0.0006989749390369413,0.027610269144758927
青酒,青酒,0.06879472672235346,0.01698537822339425,0.047118501517078214,0.016495083867081525,0.023892615800141907,0.0629898482312346,0.05413749175086035,0.0070859525405778685,0.031842612023005604,0.6706577893242722
全兴,全兴,0.034253929148243,0.047185345473353846,0.008440972436815145,0.02057734869239916,0.02833800542346504,0.06549843200297864,0.070749810876292,0.0031990434086007044,0.695279111432635,0.026478001105217423
金六福,金六福,0.02631911820535718,0.05058268546365129,0.6651517202042385,0.06377138498248187,0.03870312327245581,0.023949338643093634,0.05281479202250163,0.016832710611178,0.03782805802593355,0.024047068569108498
大明,大明,0.05433147903633284,0.019891273835818332,0.015852932539302828,0.07597765272717327,0.008423519518747221,0.041864362741987515,0.7629589730588118,0.003221173305688986,0.002980297078941974,0.014498336157195266
全兴,全兴,0.059331036354604606,0.019335867385376754,0.06505959428562787,0.03981245231865097,0.02988654634002895,0.039707486025279584,0.03536836547172538,0.05193876470584217,0.6353933411411996,0.024166545971664205
北京二锅头,北京二锅头,0.060051692498150976,0.06356859151159464,0.05994852227762532,0.0281721535197392,0.05241311692732926,0.6364764855933911,0.03341717995741515,0.013747304881342664,0.039703166765564984,0.012501786067846715
北京二锅头,北京二锅头,0.0236196590677891,0.060909746760565375,0.014751449803031462,0.005069099455923632,0.0049158906698728065,0.7081512051832012,0.03611146769495628,0.029165268744714687,0.05776451981366756,0.05954169280627799
